Study about prostate cancer
===========================

Contents: Data of 450 patients with prostate cancer.

Objective: a

Notes: * Not all of the patients that died before the end of the study
         died because of prostate cancer. However, for the purpose of
         this practical work, we do not distinguish between the
         different death causes.
       * You do not have to study all of the variables of the data set.
         Choose five to eight variables based on your, statistical,
         or medical criteria.

Variables:
* Patient identifier
* Cancer stage
* Estrogen treatment (Placebo, 0.2 mg, 1 mg, or 5 mg of estrogen;
  https://en.wikipedia.org/wiki/Estrogen)
* Survival time from study start ([months]
* Death indicator (1: yes, 0: no)
* Age
* Weight index: Weight [kg] - height [cm] + 200
* History of cardiovascular disease (1: yes; 0: no)
* Systolic blood pressure (divided by 10)
* Diastolic blood pressure (divided by 10)
* Hemoglobin level [g/100ml]
* Tumour size [cm^2]
* Bone metastasis (1: yes; 0: no)

The data:
1       3       "0.2 mg"   72      0       75      76      0       15      9       13.8    2       0
2       3       "0.2 mg"   1       1       54      116     0       13      7       14.6    42      0
3       3       "5 mg"     40      1       69      102     1       14      8       13.4    3       0
5       3       "placebo"  65      0       67      99      0       17      10      13.4    34      0
6       3       "0.2 mg"   24      1       71      98      0       19      10      15.1    10      0
7       3       "placebo"  46      1       75      100     0       14      10      13      13      0
8       3       "placebo"  62      0       73      114     1       17      11      12.6    3       0
9       3       "1 mg"     61      0       60      110     0       12      8       14.6    4       0
10      3       "1 mg"     60      0       78      107     1       13      8       13      21      0
11      3       "1 mg"     60      0       77      89      0       15      8       15.6    3       0
12      3       "5 mg"     59      0       74      105     1       18      14      13.6    6       0
13      3       "0.2 mg"   59      0       74      107     0       14      9       14.4    6       0
14      3       "placebo"  49      1       55      112     1       16      9       13.9    4       0
15      3       "5 mg"     20      1       73      88      0       19      10      12      15      0
17      3       "placebo"  58      0       64      90      0       14      8       16.2    6       0
18      3       "1 mg"     29      1       79      104     0       13      8       15      5       0
19      3       "5 mg"     26      1       62      90      1       13      8       14.4    2       0
20      3       "5 mg"     52      0       74      107     0       13      8       16.4    10      0
22      3       "1 mg"     51      0       65      113     0       16      10      14.1    21      0
23      3       "placebo"  51      0       61      97      0       11      8       13.5    8       0
24      4       "5 mg"     31      1       56      95      0       15      10      14.8    26      1
25      4       "1 mg"     42      1       73      103     0       16      10      14.6    6       0
26      4       "0.2 mg"   38      1       69      75      0       16      8       10.7    25      0
27      4       "placebo"  69      0       76      82      0       12      8       11.7    12      0
28      4       "placebo"  39      1       71      103     0       12      7       14.4    11      0
29      4       "1 mg"     33      1       66      126     0       17      10      14      32      0
30      4       "0.2 mg"   8       1       76      90      0       15      9       12.8    40      0
32      4       "5 mg"     33      1       71      150     1       16      10      15      9       0
33      4       "1 mg"     9       1       71      88      1       16      9       12.3    38      0
34      4       "placebo"  21      1       79      89      0       16      9       12.8    26      0
35      4       "5 mg"     66      1       75      101     0       15      9       14.6    8       0
36      4       "5 mg"     5       1       76      86      1       16      6       8.2     10      1
37      4       "placebo"  27      1       72      93      0       16      10      13      2       0
38      4       "0.2 mg"   2       1       69      84      1       12      8       10.4    15      1
39      4       "0.2 mg"   20      1       53      99      0       12      9       14.2    26      1
40      4       "1 mg"     19      1       76      85      0       14      9       13      6       1
41      4       "placebo"  60      0       72      95      1       17      8       13.6    12      0
42      4       "1 mg"     58      0       NA      76      0       15      8       12.8    35      1
43      4       "5 mg"     32      1       82      89      0       14      8       13      27      1
44      4       "placebo"  53      0       74      124     0       16      8       9.4     26      0
45      4       "1 mg"     53      0       75      93      0       13      9       15.3    16      0
46      4       "5 mg"     43      1       74      81      0       17      10      13.4    28      1
47      4       "0.2 mg"   21      1       60      96      0       12      8       14.3    27      0
49      3       "5 mg"     74      0       49      99      0       13      7       14.8    14      0
51      3       "placebo"  14      1       73      101     0       16      7       12.4    18      0
52      3       "5 mg"     33      1       76      98      1       17      10      17.1    13      0
53      3       "0.2 mg"   8       1       72      84      1       12      8       14.8    15      0
54      3       "1 mg"     10      1       73      82      1       16      8       14.1    20      0
56      3       "0.2 mg"   7       1       71      112     1       15      9       13.2    14      0
57      3       "1 mg"     63      0       75      92      0       13      8       15.2    41      0
58      3       "0.2 mg"   33      1       64      130     0       13      9       14.2    23      0
59      3       "0.2 mg"   3       1       78      118     1       16      9       12.4    3       0
60      3       "placebo"  43      1       60      99      0       12      9       13.6    7       0
61      4       "1 mg"     37      1       68      104     0       14      9       14.4    32      1
63      4       "0.2 mg"   6       1       73      102     1       14      9       12      51      0
65      4       "0.2 mg"   5       1       53      106     0       14      8       14.3    10      0
66      4       "5 mg"     64      0       55      116     0       13      9       14.8    26      1
68      4       "1 mg"     21      1       59      71      0       8       4       8.7     27      1
69      4       "placebo"  16      1       80      111     0       16      9       11.3    34      1
71      3       "1 mg"     12      1       77      103     1       13      7       14.4    5       0
72      3       "1 mg"     75      0       74      110     0       16      8       13.6    7       0
73      3       "placebo"  74      0       70      94      0       15      7       13.7    24      0
75      3       "0.2 mg"   54      1       65      90      0       14      8       14      47      0
76      3       "5 mg"     73      0       74      97      1       13      7       12.9    6       0
77      3       "placebo"  36      1       72      110     1       22      13      14.7    5       0
78      3       "placebo"  59      1       69      97      1       13      7       14.3    4       0
79      3       "5 mg"     6       1       72      115     1       16      10      12      5       0
80      3       "0.2 mg"   58      1       71      87      1       13      10      13.4    13      0
81      3       "1 mg"     16      1       73      93      0       11      7       13.8    8       0
82      3       "5 mg"     19      1       79      106     1       16      7       13.6    13      0
83      3       "5 mg"     39      1       63      86      1       16      8       16      7       0
84      3       "0.2 mg"   26      1       74      101     1       14      9       10.6    14      0
85      3       "placebo"  60      1       72      118     1       17      11      15.6    9       0
86      3       "0.2 mg"   43      1       78      117     1       10      7       13.6    16      0
87      3       "5 mg"     7       1       76      92      1       12      7       13.6    12      0
88      3       "1 mg"     9       1       70      72      1       16      9       12      17      0
89      3       "1 mg"     67      0       69      120     1       16      10      13.6    21      0
90      3       "5 mg"     62      1       76      102     1       12      8       13.2    13      0
91      3       "placebo"  17      1       84      104     1       15      10      13.4    8       0
92      3       "0.2 mg"   25      1       80      98      1       15      8       12.3    8       0
93      3       "1 mg"     0       1       81      97      0       10      7       13.4    11      0
94      3       "5 mg"     5       1       81      76      1       13      7       14.9    28      0
95      3       "5 mg"     34      1       71      100     1       12      10      14.4    11      0
96      3       "placebo"  59      0       77      109     0       14      7       12      7       0
97      3       "0.2 mg"   31      1       70      109     1       18      8       12      28      0
98      3       "placebo"  58      0       76      108     1       12      7       12      3       0
99      3       "1 mg"     30      1       76      102     1       16      9       18.2    52      0
100     3       "0.2 mg"   57      0       71      97      0       13      7       13.4    19      0
101     3       "0.2 mg"   5       1       76      96      1       17      8       13.7    33      0
102     3       "5 mg"     55      0       64      100     1       16      10      13.7    6       0
103     3       "1 mg"     55      0       74      113     0       12      7       14.3    7       0
104     3       "placebo"  52      0       76      88      1       16      9       12.3    3       0
105     3       "5 mg"     0       1       82      82      1       13      9       11.6    5       0
106     3       "1 mg"     51      0       65      87      1       16      8       14.5    2       0
108     4       "5 mg"     70      1       76      92      0       13      6       9.7     6       1
109     4       "placebo"  74      0       77      93      0       10      6       11      0       0
110     4       "0.2 mg"   74      0       77      99      1       17      9       12.8    15      0
111     4       "1 mg"     20      1       70      103     1       12      7       13.5    23      0
112     4       "placebo"  2       1       73      80      1       13      8       12.9    61      0
113     4       "0.2 mg"   8       1       63      119     1       13      8       12.8    14      1
114     4       "5 mg"     27      1       71      91      0       13      6       12      1       0
116     4       "placebo"  1       1       74      100     1       13      8       14.4    1       0
117     4       "5 mg"     52      0       70      110     1       16      8       15.9    4       0
118     4       "1 mg"     51      0       73      106     1       11      8       11.2    10      1
119     4       "5 mg"     6       1       74      98      1       13      6       14      41      1
120     4       "1 mg"     0       1       77      91      1       12      7       14.3    6       1
121     4       "5 mg"     26      1       85      85      1       15      7       14      12      0
122     3       "placebo"  65      1       72      79      1       13      7       12.3    16      0
123     3       "placebo"  52      1       74      106     0       14      6       13.8    17      0
124     3       "0.2 mg"   26      1       78      83      0       13      7       10.3    25      0
125     3       "5 mg"     70      0       60      110     0       14      10      14.3    13      0
126     3       "placebo"  6       1       72      76      0       11      9       10      16      0
127     3       "0.2 mg"   6       1       68      124     0       13      7       14.5    17      0
128     3       "1 mg"     68      0       71      93      0       15      9       14.5    19      0
129     3       "5 mg"     33      1       65      125     0       17      9       15      19      0
130     3       "0.2 mg"   67      0       67      96      0       13      7       15.7    7       0
131     3       "0.2 mg"   58      1       76      94      0       12      7       14.2    NA      0
132     3       "5 mg"     23      1       74      98      0       15      9       14.2    3       0
133     3       "5 mg"     6       1       78      91      0       11      7       11      4       0
134     3       "1 mg"     11      1       74      85      0       14      8       14      16      0
135     3       "placebo"  6       1       71      92      0       13      7       14      9       0
136     3       "1 mg"     57      0       74      113     0       14      7       10.5    20      0
137     3       "1 mg"     57      0       72      110     0       17      10      14.5    20      0
138     3       "placebo"  29      1       57      97      0       14      8       14.7    20      0
139     3       "0.2 mg"   9       1       74      104     0       14      7       13.8    25      0
140     3       "1 mg"     53      0       72      105     0       12      6       13.6    5       0
141     3       "1 mg"     51      0       65      99      0       13      8       14.4    10      0
142     3       "5 mg"     8       1       83      115     0       17      9       16.7    25      0
144     4       "5 mg"     21      1       73      103     0       12      8       12.8    21      0
145     4       "0.2 mg"   27      1       71      102     0       14      7       10.5    30      1
146     4       "1 mg"     22      1       75      124     0       18      11      15.6    22      0
147     4       "1 mg"     12      1       71      77      0       10      6       7       17      1
148     4       "1 mg"     68      0       56      69      0       13      8       10.7    11      1
149     4       "1 mg"     21      1       83      88      0       13      7       13.3    15      0
150     4       "0.2 mg"   68      0       71      116     0       15      8       15      46      0
152     4       "5 mg"     2       1       78      74      0       12      9       14      32      1
153     4       "placebo"  14      1       50      109     0       12      8       9.3     17      1
154     4       "placebo"  18      1       73      101     0       16      11      14      9       0
155     4       "5 mg"     5       1       67      111     0       12      9       9.6     17      1
156     4       "1 mg"     60      0       72      96      0       15      9       15.3    2       1
157     4       "placebo"  40      1       72      96      0       14      10      10.5    26      1
158     4       "placebo"  31      1       68      98      0       18      10      15      NA      0
159     4       "0.2 mg"   51      0       78      116     0       15      10      15.7    6       0
160     3       "placebo"  50      1       72      91      1       19      9       12      16      0
161     3       "0.2 mg"   46      1       76      118     1       18      8       14.5    4       0
162     3       "0.2 mg"   65      0       77      111     0       19      9       12.5    20      0
163     3       "5 mg"     9       1       70      127     0       13      9       11.8    14      0
164     3       "0.2 mg"   21      1       74      96      1       10      7       10.2    18      0
165     3       "0.2 mg"   27      1       71      92      1       15      8       10.6    5       0
166     3       "1 mg"     54      0       69      89      1       12      7       13.5    4       0
167     3       "1 mg"     52      0       70      111     1       18      8       8.2     22      0
168     4       "1 mg"     75      0       58      99      0       19      12      13.1    24      0
169     4       "5 mg"     75      0       78      99      0       14      7       12.6    27      1
170     4       "1 mg"     30      1       73      105     1       14      6       13.8    9       0
171     4       "5 mg"     70      0       69      108     0       12      8       12.2    23      0
172     4       "1 mg"     14      1       73      94      0       12      7       13.4    31      0
173     4       "placebo"  0       1       73      93      0       14      8       7.8     23      0
174     4       "5 mg"     42      1       68      100     0       17      10      11.7    32      0
175     4       "1 mg"     12      1       75      88      1       14      6       13.4    31      1
176     4       "placebo"  40      1       68      104     1       17      10      15      25      1
177     4       "placebo"  2       1       76      88      1       16      7       11.2    32      0
179     4       "0.2 mg"   53      0       75      89      1       14      8       12.6    8       0
180     4       "0.2 mg"   11      1       59      116     1       10      6       12.8    6       0
181     3       "5 mg"     18      1       72      96      0       11      8       10.3    9       1
182     3       "1 mg"     13      1       80      91      0       15      8       12.3    4       0
183     3       "0.2 mg"   45      1       78      112     1       16      8       15      7       0
184     3       "1 mg"     8       1       52      90      1       13      8       14.8    4       0
185     3       "5 mg"     28      1       75      87      0       9       5       12.7    8       0
186     3       "5 mg"     67      0       67      109     1       14      8       14      3       0
187     3       "0.2 mg"   67      0       74      103     0       16      6       13      4       0
189     3       "0.2 mg"   64      0       73      96      0       15      10      12      4       0
191     4       "0.2 mg"   57      1       72      88      0       14      7       12      7       0
192     4       "0.2 mg"   32      1       55      96      1       15      9       10.3    12      0
195     4       "placebo"  20      1       75      88      1       9       5       14      1       0
196     4       "1 mg"     71      0       56      94      0       12      8       14.4    1       0
197     4       "5 mg"     54      1       70      86      0       14      9       14.4    4       0
198     4       "5 mg"     64      0       54      89      0       15      6       14.8    8       1
199     4       "5 mg"     51      1       87      82      0       14      7       11      3       1
200     3       "5 mg"     1       1       73      94      1       14      9       13.3    22      0
201     3       "placebo"  2       1       76      94      0       16      10      10.7    8       0
202     3       "5 mg"     0       1       68      106     0       15      9       10.7    69      0
203     3       "placebo"  54      1       70      97      1       17      10      13.8    10      0
204     3       "0.2 mg"   69      0       65      83      0       12      6       16      8       0
205     3       "placebo"  68      0       79      95      0       14      8       13.4    11      0
206     3       "placebo"  67      0       70      120     0       19      11      14.7    7       0
207     3       "1 mg"     66      0       70      99      0       12      8       16      8       0
208     3       "placebo"  64      0       59      90      1       14      8       10.4    2       0
210     3       "1 mg"     35      1       76      88      1       14      9       15.2    4       0
211     3       "5 mg"     62      0       78      123     0       13      8       16.8    0       0
212     3       "1 mg"     7       1       76      113     1       14      6       12.8    3       0
213     3       "5 mg"     35      1       66      87      0       14      9       14.3    3       0
214     3       "1 mg"     24      1       69      91      1       16      10      15      11      0
215     3       "5 mg"     57      0       71      88      0       16      8       15.4    3       0
216     3       "0.2 mg"   1       1       75      120     0       15      7       15.1    4       0
217     3       "0.2 mg"   4       1       74      99      1       17      9       15.7    7       0
218     4       "0.2 mg"   74      1       72      103     0       15      9       16.5    4       0
220     4       "0.2 mg"   51      1       71      110     0       14      9       13.4    6       1
221     4       "5 mg"     36      1       75      101     1       16      10      11      15      0
224     4       "5 mg"     68      0       70      92      0       16      8       13.5    22      0
225     4       "0.2 mg"   17      1       73      76      0       17      8       13.4    50      0
226     4       "placebo"  66      0       75      98      1       14      8       14.7    16      0
227     4       "1 mg"     65      0       76      83      0       12      6       11.4    13      1
229     4       "1 mg"     41      1       76      91      0       17      8       15.1    24      0
230     4       "placebo"  28      1       73      106     1       16      9       14.7    11      0
231     4       "placebo"  0       1       70      80      1       10      8       12.2    5       0
232     4       "5 mg"     46      1       72      100     1       12      7       16      62      1
233     4       "5 mg"     63      0       74      101     0       14      9       14.8    25      0
234     4       "1 mg"     60      0       62      98      0       12      8       15.6    15      0
235     4       "1 mg"     59      0       53      116     0       13      8       16.4    7       0
236     3       "5 mg"     46      1       54      91      0       13      10      13      15      0
237     3       "1 mg"     63      1       58      94      1       16      10      13.8    12      0
238     3       "5 mg"     8       1       78      99      1       17      9       12      9       0
239     3       "1 mg"     74      0       77      100     1       10      7       12.4    25      0
240     3       "placebo"  18      1       61      152     1       15      10      14.1    18      0
244     3       "1 mg"     66      0       70      109     0       15      10      14.5    15      0
245     3       "1 mg"     28      1       75      81      0       16      10      13.7    19      0
246     3       "0.2 mg"   30      1       80      91      0       12      8       10.8    22      0
247     3       "0.2 mg"   57      1       76      99      1       13      8       11.2    20      0
248     3       "1 mg"     50      1       68      102     0       16      8       12      20      0
249     3       "placebo"  39      1       73      81      1       19      4       12.5    18      0
250     3       "placebo"  40      1       79      96      0       15      10      14      16      0
251     3       "0.2 mg"   24      1       78      81      1       14      7       11      4       0
252     3       "5 mg"     6       1       79      94      1       11      8       12.2    4       0
254     4       "0.2 mg"   58      1       52      106     1       11      7       15      13      0
255     4       "1 mg"     68      0       76      97      1       15      10      14.6    19      0
256     4       "0.2 mg"   24      1       74      85      0       16      10      10      19      1
257     4       "placebo"  33      1       71      86      0       14      8       10.2    8       1
258     4       "5 mg"     65      0       72      96      0       14      10      12.3    17      0
259     4       "5 mg"     2       1       77      113     0       15      8       13.8    22      0
260     4       "0.2 mg"   64      0       73      100     1       16      10      13.8    23      0
261     4       "placebo"  19      1       75      83      0       12      7       11.8    17      0
262     4       "placebo"  58      0       73      NA      0       13      7       13.3    20      0
263     4       "5 mg"     15      1       71      98      0       15      10      14.7    12      1
264     4       "0.2 mg"   10      1       76      94      1       16      9       10.5    20      0
267     4       "1 mg"     51      0       59      97      0       13      6       14.1    17      0
268     4       "1 mg"     1       1       79      116     1       15      9       12.6    23      0
269     3       "1 mg"     40      1       78      113     0       20      10      13.2    36      0
270     3       "placebo"  40      1       78      110     0       14      8       14.8    15      0
271     3       "1 mg"     66      0       79      96      0       14      8       14.8    19      0
272     3       "0.2 mg"   2       1       72      82      0       13      7       9.4     33      0
274     3       "5 mg"     35      1       73      101     0       12      6       12.8    46      0
275     3       "placebo"  29      1       75      113     1       19      8       10.9    21      0
276     3       "5 mg"     54      1       78      107     0       14      9       12.8    42      0
277     3       "5 mg"     37      1       60      94      0       15      9       13      10      0
278     3       "0.2 mg"   10      1       72      83      0       11      7       13.8    15      0
280     4       "1 mg"     71      0       84      107     0       14      7       13      15      1
281     4       "placebo"  12      1       74      107     1       15      8       14.6    18      0
282     4       "0.2 mg"   13      1       76      97      0       14      8       13.7    36      0
283     4       "placebo"  27      1       80      135     1       11      7       12.9    17      0
284     4       "0.2 mg"   66      1       72      123     1       15      8       15.8    0       0
285     4       "placebo"  28      1       59      100     0       14      8       15.8    21      0
286     4       "1 mg"     31      1       74      111     0       13      8       15.2    25      0
287     4       "1 mg"     12      1       65      102     0       15      9       15.5    19      0
288     4       "placebo"  9       1       71      119     0       19      10      13.6    24      1
289     4       "0.2 mg"   21      1       76      94      0       14      6       10.6    24      1
291     4       "1 mg"     51      0       75      114     0       18      7       13.8    22      0
293     3       "1 mg"     76      0       74      99      1       17      7       11.1    12      0
295     3       "0.2 mg"   47      1       75      107     1       15      9       16.2    7       0
297     3       "5 mg"     75      0       61      94      0       12      7       12      4       0
298     3       "1 mg"     49      1       71      94      1       16      7       15.6    9       0
299     3       "5 mg"     75      0       57      84      0       12      8       13.9    6       0
300     3       "5 mg"     75      0       65      111     0       14      8       13.7    15      0
302     3       "placebo"  69      1       60      122     0       13      9       16.1    26      0
303     3       "0.2 mg"   74      0       72      102     0       16      8       14      23      0
305     3       "5 mg"     72      0       70      87      0       15      8       14.6    5       0
306     3       "0.2 mg"   28      1       62      88      1       12      7       13.5    10      0
307     3       "1 mg"     36      1       68      98      0       16      7       13.3    40      0
308     3       "placebo"  8       1       74      97      0       14      8       13.6    14      0
309     3       "0.2 mg"   71      0       65      117     1       15      8       16.5    9       0
310     3       "placebo"  60      1       74      95      1       18      9       9.8     2       0
311     3       "1 mg"     14      1       76      99      1       15      9       12      9       0
312     3       "0.2 mg"   22      1       70      78      0       14      7       14.9    9       0
313     3       "5 mg"     67      1       73      105     0       13      6       14.9    39      0
314     3       "placebo"  62      1       71      107     1       18      10      14.5    9       0
315     3       "5 mg"     68      0       73      118     0       17      9       13.4    4       0
316     3       "placebo"  68      0       71      108     0       16      12      14.1    7       0
317     3       "1 mg"     27      1       75      145     0       13      8       15.4    4       0
318     3       "0.2 mg"   68      0       70      98      0       11      7       14.2    19      0
319     3       "1 mg"     68      0       77      98      0       12      6       15.5    9       0
320     3       "placebo"  67      0       71      87      0       15      8       15.6    8       0
321     3       "placebo"  67      0       75      101     0       14      7       13.5    18      0
322     3       "0.2 mg"   3       1       74      105     1       16      7       14.1    10      0
323     3       "5 mg"     49      1       72      100     0       11      6       15      8       0
324     3       "5 mg"     12      1       89      92      1       13      6       13.6    8       0
325     3       "0.2 mg"   30      1       75      96      0       12      6       14.3    10      0
326     3       "1 mg"     67      0       71      101     0       14      8       14.7    3       0
327     3       "1 mg"     5       1       80      95      1       16      10      14.5    7       0
328     3       "1 mg"     65      1       51      96      0       13      8       11.8    2       0
329     3       "placebo"  24      1       71      81      0       9       4       13.7    10      0
330     3       "0.2 mg"   66      0       72      95      1       10      5       14      8       0
331     3       "5 mg"     36      1       70      91      1       16      9       15.9    7       0
332     3       "placebo"  66      0       55      103     0       16      10      16.7    2       0
333     3       "0.2 mg"   40      1       76      104     1       15      7       14.6    3       0
334     3       "0.2 mg"   13      1       68      97      0       17      9       9.5     11      0
335     3       "5 mg"     40      1       75      81      1       12      8       15.5    14      0
336     3       "0.2 mg"   65      0       52      101     1       15      10      14      4       0
337     3       "0.2 mg"   0       1       75      91      0       20      10      11.8    3       0
338     3       "1 mg"     14      1       75      94      1       11      7       17.5    15      0
339     3       "1 mg"     45      1       72      77      0       13      7       11      4       0
340     3       "1 mg"     64      0       74      118     0       14      8       14.2    4       0
341     3       "1 mg"     13      1       75      91      0       13      7       12.1    5       0
342     3       "placebo"  24      1       75      79      1       13      9       10.9    8       0
343     3       "placebo"  15      1       71      96      1       12      8       17.3    5       0
344     3       "placebo"  26      1       76      102     1       15      9       11.2    10      0
345     3       "1 mg"     5       1       70      83      0       14      7       11.7    33      0
346     3       "0.2 mg"   63      0       73      129     1       21      11      16.7    10      0
347     3       "5 mg"     35      1       70      107     1       13      8       16.1    7       0
348     3       "placebo"  61      0       75      93      0       13      8       13.7    10      0
349     3       "5 mg"     61      0       70      127     0       14      7       16.2    8       0
350     3       "5 mg"     50      1       74      97      1       13      7       12.3    1       0
351     3       "5 mg"     57      1       72      109     0       16      10      17.5    8       0
352     3       "5 mg"     21      1       62      109     1       16      8       16.4    15      0
353     3       "placebo"  26      1       72      111     0       14      8       15.3    37      0
354     3       "placebo"  11      1       77      74      0       12      6       12.4    45      0
355     3       "1 mg"     59      0       52      90      0       12      7       11.9    5       0
356     3       "placebo"  42      1       57      89      0       12      6       13.9    24      0
357     3       "1 mg"     27      1       80      90      1       14      8       14.3    9       0
358     3       "0.2 mg"   50      1       62      85      1       11      7       13.7    6       0
359     3       "1 mg"     57      0       72      101     0       13      8       14.6    8       0
360     3       "1 mg"     57      0       72      116     0       14      8       15.2    11      0
361     3       "placebo"  0       1       77      91      1       14      10      14.5    5       0
362     3       "0.2 mg"   1       1       72      134     1       15      8       14.8    23      0
363     3       "1 mg"     54      0       73      100     0       18      10      11.7    8       0
364     3       "0.2 mg"   53      1       74      98      1       16      8       13.8    11      0
365     3       "0.2 mg"   23      1       74      82      1       17      4       10.9    8       0
366     3       "5 mg"     8       1       72      110     0       15      8       13.1    4       0
367     3       "5 mg"     51      1       76      85      1       14      8       15.9    25      0
368     3       "placebo"  27      1       78      111     1       15      7       12.3    7       0
369     3       "5 mg"     52      0       83      88      1       16      8       10      1       0
370     3       "0.2 mg"   52      0       80      99      1       13      7       13      6       0
371     3       "5 mg"     52      0       76      90      0       15      8       13.3    52      0
372     3       "placebo"  45      1       79      126     0       13      8       15.4    7       0
373     3       "0.2 mg"   48      1       76      116     1       13      8       16.9    2       0
374     3       "placebo"  18      1       71      110     1       14      8       13      7       0
375     4       "placebo"  2       1       61      95      0       12      8       11.5    37      1
377     4       "1 mg"     35      1       76      82      0       10      6       10.3    10      1
378     4       "1 mg"     75      0       71      106     0       15      8       14.1    26      0
379     4       "placebo"  75      0       77      87      0       11      6       12.5    5       0
380     4       "placebo"  9       1       78      89      1       18      8       14.3    39      1
381     4       "1 mg"     39      1       58      92      0       12      8       13.7    5       1
382     4       "5 mg"     0       1       74      113     1       11      8       14.2    41      0
383     4       "placebo"  26      1       75      116     1       18      9       16      26      1
384     4       "placebo"  17      1       62      102     0       18      11      14.6    16      0
385     4       "0.2 mg"   43      1       80      92      0       15      9       13.1    0       0
387     4       "1 mg"     47      1       76      98      1       17      9       13.4    19      0
389     4       "0.2 mg"   65      0       66      116     0       12      8       14.9    18      0
390     4       "1 mg"     16      1       61      83      1       12      6       13.6    4       1
391     4       "5 mg"     21      1       79      99      0       17      9       16.1    4       0
392     4       "0.2 mg"   64      0       70      99      1       13      7       14.2    11      0
393     4       "0.2 mg"   7       1       73      105     1       15      7       15.6    10      0
394     4       "5 mg"     38      1       72      90      0       11      8       14.8    11      0
395     4       "1 mg"     55      1       81      98      1       13      6       11.2    38      1
396     4       "placebo"  5       1       77      92      0       15      9       11.5    6       0
397     4       "0.2 mg"   28      1       76      76      0       11      6       14.8    29      0
398     4       "placebo"  38      1       75      113     1       10      6       13.3    9       1
399     4       "0.2 mg"   20      1       72      79      0       14      7       12.2    24      1
400     4       "5 mg"     24      1       74      108     0       16      9       12.6    12      0
401     4       "5 mg"     27      1       70      85      0       16      8       16.4    9       0
402     4       "1 mg"     31      1       61      91      1       14      8       10.7    25      1
403     4       "placebo"  9       1       77      116     1       14      8       15.2    7       0
404     4       "1 mg"     9       1       60      73      0       11      8       14.1    46      1
406     4       "5 mg"     56      1       64      104     0       17      7       12      43      1
407     4       "placebo"  36      1       78      95      0       15      9       13.8    55      0
408     4       "0.2 mg"   56      0       74      108     1       14      8       10.6    4       0
409     4       "5 mg"     15      1       73      83      1       12      7       11.2    0       0
410     4       "5 mg"     51      0       71      104     0       15      7       16      26      1
411     3       "placebo"  33      1       75      113     1       17      9       13.8    9       0
412     3       "1 mg"     70      0       72      105     0       13      8       13.8    3       0
413     3       "5 mg"     32      1       68      89      1       19      10      13.8    3       0
414     3       "1 mg"     5       1       74      91      0       15      8       15.1    3       0
415     3       "5 mg"     23      1       72      93      1       16      8       16.6    4       0
416     3       "placebo"  63      0       79      110     0       15      9       16.9    2       0
417     3       "0.2 mg"   30      1       62      104     1       12      8       16      32      0
418     3       "0.2 mg"   12      1       69      92      1       17      7       15.5    22      0
419     3       "placebo"  53      1       62      119     0       19      11      16.4    14      0
420     3       "placebo"  12      1       72      128     0       15      8       16.4    15      0
421     3       "placebo"  58      0       72      109     0       13      8       13.3    12      0
422     3       "1 mg"     54      0       51      112     0       13      9       15.8    7       0
423     3       "placebo"  36      1       72      104     0       18      10      16.4    4       0
424     3       "0.2 mg"   20      1       81      104     0       15      8       16.9    16      0
425     4       "5 mg"     74      0       71      81      0       11      7       13.1    29      0
426     4       "placebo"  34      1       77      103     0       14      7       14.3    35      0
427     4       "0.2 mg"   70      0       73      114     1       14      8       14.7    26      0
428     4       "placebo"  25      1       56      100     0       17      8       13.8    30      1
429     4       "0.2 mg"   65      0       77      107     0       14      9       14.7    1       0
430     4       "placebo"  4       1       78      104     0       16      9       12.7    27      0
431     4       "1 mg"     10      1       76      96      0       12      7       13.8    34      1
432     4       "1 mg"     58      0       68      79      0       18      9       13.4    9       0
433     4       "placebo"  37      1       73      90      0       14      9       9.4     21      0
434     4       "5 mg"     56      0       56      135     0       16      9       14.7    10      0
435     4       "1 mg"     6       1       74      112     1       20      10      13.1    9       1
436     3       "5 mg"     54      1       76      84      1       15      8       12.6    19      0
437     3       "5 mg"     0       1       69      113     1       13      8       11.3    1       0
438     3       "1 mg"     70      0       73      84      1       10      6       15.6    1       0
439     3       "1 mg"     70      0       71      105     0       12      8       13.6    2       0
440     3       "0.2 mg"   28      1       75      97      1       14      8       10.8    2       0
441     3       "1 mg"     40      1       69      85      0       15      7       5.9     2       0
442     3       "1 mg"     67      0       73      95      0       11      7       13.8    7       0
443     3       "0.2 mg"   36      1       59      81      0       15      10      16      2       0
444     3       "placebo"  23      1       68      93      0       13      7       12.5    2       0
445     3       "placebo"  23      1       78      115     1       14      7       13      2       0
446     3       "placebo"  62      0       63      95      0       12      9       13.2    3       0
447     3       "0.2 mg"   62      0       74      85      0       12      9       14.1    2       0
448     3       "placebo"  62      0       72      103     0       16      7       14.3    0       0
449     3       "5 mg"     2       1       78      103     0       11      7       11.2    0       0
450     3       "0.2 mg"   34      1       70      85      0       14      9       14.9    2       0
451     3       "1 mg"     4       1       72      101     0       14      10      16.4    1       0
452     3       "0.2 mg"   12      1       76      103     1       13      7       12.5    4       0
453     3       "placebo"  56      0       66      106     0       12      9       15.5    4       0
454     3       "5 mg"     1       1       88      99      1       13      6       14.1    17      0
455     3       "5 mg"     7       1       78      88      1       11      6       10.9    5       0
456     4       "placebo"  4       1       79      105     0       12      7       12.2    5       0
457     4       "placebo"  70      0       77      106     1       15      8       16      1       0
458     4       "5 mg"     65      0       71      101     0       12      7       12.7    2       0
459     4       "0.2 mg"   7       1       74      91      1       15      8       12.6    8       0
460     4       "1 mg"     30      1       75      124     0       15      10      13.2    3       0
461     4       "0.2 mg"   40      1       77      90      1       10      6       14.7    2       0
462     4       "placebo"  13      1       75      74      1       15      9       15.8    4       0
463     4       "0.2 mg"   22      1       64      110     0       16      10      9.3     6       1
464     4       "1 mg"     0       1       79      89      0       17      10      10.3    19      1
466     3       "0.2 mg"   64      1       70      107     0       14      9       14.1    8       0
467     3       "5 mg"     13      1       73      111     1       15      8       17      4       0
468     3       "placebo"  26      1       61      109     0       14      9       14.3    3       0
470     3       "placebo"  16      1       78      88      0       12      7       11.4    4       0
472     3       "0.2 mg"   33      1       72      106     1       13      8       16.5    17      0
474     3       "placebo"  16      1       76      90      0       13      8       12      5       0
476     4       "0.2 mg"   22      1       51      100     0       16      9       14.6    5       0
477     4       "0.2 mg"   30      1       59      87      1       15      9       15.1    32      0
478     4       "5 mg"     53      1       73      91      1       16      9       14.6    4       0
479     4       "0.2 mg"   53      1       74      90      1       13      7       11.8    5       0
481     4       "0.2 mg"   61      1       74      95      0       15      7       13.5    5       0
482     4       "placebo"  40      1       60      125     0       11      7       14      9       0
483     4       "placebo"  9       1       72      83      1       14      8       12.9    18      1
484     4       "1 mg"     14      1       79      88      1       12      7       8.6     20      0
485     4       "1 mg"     59      0       50      117     0       12      8       15.3    NA      0
486     4       "1 mg"     59      0       73      71      0       16      8       13.4    3       1
487     4       "5 mg"     7       1       72      110     0       14      6       13.7    4       0
491     4       "1 mg"     50      0       75      116     0       14      8       16      1       0
493     3       "5 mg"     52      0       73      114     1       14      8       13.6    8       0
494     3       "1 mg"     19      1       76      99      1       15      9       16      7       0
495     3       "placebo"  52      0       73      114     0       15      7       11.7    5       0
496     3       "1 mg"     51      0       76      114     1       30      18      11.6    6       0
497     3       "5 mg"     51      0       68      98      0       14      8       13.4    6       0
499     4       "0.2 mg"   27      1       75      102     0       16      8       14.2    5       0
500     4       "1 mg"     51      0       60      123     1       14      10      14.5    6       1
501     4       "5 mg"     5       1       73      100     1       19      10      16.8    2       0
502     3       "1 mg"     0       1       78      108     0       11      6       15.8    9       0
503     3       "0.2 mg"   41      1       78      127     1       16      10      15.8    5       0
504     3       "1 mg"     53      0       77      93      0       17      10      16      11      0
505     4       "5 mg"     19      1       82      96      1       12      6       12.4    32      0
